#number of layers
4
#number of nodes for each layer
9
4
4
9
#weights
#weights layer 0
-0.488226
1.120022
0.056930
0.410187
-0.249996
-1.094013
-0.350111
0.078293
0.303548
1.009880
-0.417486
-0.202867
0.494622
-0.473765
0.853328
-0.016135
-1.009689
-0.220008
0.178486
-0.277724
-0.380314
0.040360
-0.196828
1.030351
-0.364617
0.282663
-0.162516
-1.088188
-0.054782
-0.121148
1.035072
-0.354089
0.327666
-0.125919
-0.071534
-0.241788
0.237554
-0.372265
0.155963
0.041101
#weights layer 1
-0.333102
1.109477
0.338234
-0.462746
0.287318
-0.477116
0.021119
1.091071
-0.421836
-0.133586
1.028921
-1.026579
-0.863127
0.378296
0.035407
-1.050000
-0.344083
0.420276
-0.488226
-0.068684
#weights layer 2
-0.209486
-0.338063
0.108043
-0.382019
0.030320
-0.797406
-0.304150
-0.226429
0.114863
0.351813
-0.041429
0.281761
-0.224455
0.152906
-1.115894
-0.144998
0.175790
-0.975345
0.233354
0.253954
0.039740
0.389430
-0.263273
-0.220294
-1.012977
1.044793
-0.344945
-0.134408
-0.062357
-0.173042
1.100471
0.228157
0.161777
-0.064233
0.346336
-0.302205
-0.027724
-0.457814
-0.028635
-0.412861
0.393999
-0.213963
0.368900
-1.097265
0.438943
#score
-6550
