#number of layers
4
#number of nodes for each layer
9
4
4
9
#weights
#weights layer 0
-745.987793
-0.255401
0.428972
-866.962097
-435.368835
3227.574463
-3712.073242
-493.177673
0.294166
-415.874878
-781.879578
-2731.991455
-1511.102539
-166.594193
1365.466064
629.623169
-625.407227
-166.657410
-0.297985
2149.511475
0.253463
1259.440552
0.050886
1978.986328
2375.357422
2195.532471
-6946.842285
9.420688
-565.110168
-2662.395264
1398.571045
-1094.957397
-0.057342
1148.845093
1187.520630
1925.626831
-707.519470
-0.422127
-1770.543457
0.407269
#weights layer 1
-6560.236328
1312.916992
-440.102325
1551.545288
0.477779
-1376.187134
-196.544357
-2457.943359
0.496524
-0.007084
0.487745
-2624.921875
-593.321594
0.479627
1919.673096
-2683.507080
2809.319824
-892.728088
7042.387207
0.373639
#weights layer 2
202.364487
-2305.562500
575.708801
-2312.434082
5177.912109
0.334571
-0.007084
100.305115
230.912079
3226.442871
209.538391
2706.417236
0.427145
-467.235657
1582.455200
248.605286
1824.812256
-0.365280
-3179.443604
-1654.242432
1816.677490
-0.352751
-421.681641
1269.311646
1571.968506
-0.332708
1333.264160
-29.052933
-1719.746582
-239.637527
-463.716400
1489.412354
-182.216370
-45.891518
58.036133
0.285255
-0.214672
-1204.341064
-468.291016
-0.503369
681.857666
-4270.978027
0.138475
-538.786377
-59.677917
#score
-10
