#number of layers
4
#number of nodes for each layer
9
4
4
9
#weights
#weights layer 0
6469.213867
2173.113037
-0.194204
-0.165799
-5.163451
4933.109375
1116.350098
-3156.724609
0.140353
-0.338683
-4926.483398
-5512.073730
-0.241559
-0.484248
0.398275
0.468651
0.237214
-1383.074707
0.387839
0.150458
-0.297646
0.440398
215.312302
5663.293945
-0.405282
-0.046589
-0.337598
-0.102756
69.641106
639.971375
-0.139268
0.026927
0.181956
-0.349026
-0.185639
0.121295
0.098399
-0.186683
0.176468
-321.361023
#weights layer 1
-2835.456299
0.134546
0.490174
-507.013245
-682.178101
2884.926758
0.171719
-0.040823
-0.456911
7337.006836
0.221786
-0.205891
-27.205069
-8578.137695
-0.448274
0.219070
404.625458
-0.205891
-0.050167
-0.165920
#weights layer 2
0.043011
-0.447158
-4860.432129
0.103621
0.031503
0.323667
-0.350167
-0.273582
2698.650879
3181.517822
0.059214
-0.393981
-0.034400
1504.285645
0.339094
2373.172852
-5371.361328
-5672.614746
-2881.756836
-0.146585
-0.369616
14.444871
0.380092
0.254736
-0.210348
0.060984
0.163374
-0.093337
-0.310601
0.090122
-0.113078
0.121694
-0.089396
0.258608
-0.349769
0.195188
-0.424958
-0.169382
-0.274443
-0.159917
0.150564
-0.078562
-0.053898
-0.048078
-148.493683
#score
-97
